%YAML:1.0
---
rms: 6.4496220591139145e-02
Kl: !!opencv-matrix
   rows: 3
   cols: 3
   dt: d
   data: [ 9.0813589953044993e+02, 0., 6.4427527384696907e+02, 0.,
       9.0882741719368028e+02, 3.6399552733015332e+02, 0., 0., 1. ]
Dl: !!opencv-matrix
   rows: 1
   cols: 14
   dt: d
   data: [ 1.3143472761456994e+01, 1.4744834807072491e+00,
       7.2866483662235989e-04, -2.0537820018443970e-04,
       1.4794586388186762e+01, 1.3134965106275812e+01,
       1.1010579281344473e+00, 1.5400886494102869e+01, 0., 0., 0., 0.,
       0., 0. ]
Kr: !!opencv-matrix
   rows: 3
   cols: 3
   dt: d
   data: [ 9.1004905706914133e+02, 0., 6.1467516042985244e+02, 0.,
       9.1059308966207379e+02, 3.9507634357382966e+02, 0., 0., 1. ]
Dr: !!opencv-matrix
   rows: 1
   cols: 14
   dt: d
   data: [ -5.9925525883591024e-01, 1.1531107259275011e+00,
       7.8982482159251825e-04, 7.4832886656015445e-05,
       3.1909508361881955e+00, -6.2258103358892858e-01,
       1.1800600404996466e+00, 3.1992107492117410e+00, 0., 0., 0., 0.,
       0., 0. ]
R: !!opencv-matrix
   rows: 3
   cols: 3
   dt: d
   data: [ 9.9998322640293158e-01, 8.9245144127663020e-04,
       5.7228002942957155e-03, -8.5985693067279479e-04,
       9.9998341090546095e-01, -5.6954859264824768e-03,
       -5.7277883028444597e-03, 5.6904696032005356e-03,
       9.9996740496720837e-01 ]
T: !!opencv-matrix
   rows: 3
   cols: 1
   dt: d
   data: [ -6.0171370669452664e+01, -1.0188809967825063e-01,
       3.3911640194168652e-01 ]
