%YAML:1.0
---
rms: 3.4638049417578681e-01
Kl: !!opencv-matrix
   rows: 3
   cols: 3
   dt: d
   data: [ 1.3476188387561056e+03, 0., 6.0483469522292125e+02, 0.,
       1.3485048133127914e+03, 3.3232628824875229e+02, 0., 0., 1. ]
Dl: !!opencv-matrix
   rows: 1
   cols: 5
   dt: d
   data: [ -4.4233806512350066e-01, 2.8049140354518809e-01,
       -4.3363608168125973e-04, 1.2532019505475457e-04,
       -1.3068547389080395e-01 ]
Kr: !!opencv-matrix
   rows: 3
   cols: 3
   dt: d
   data: [ 1.3508162803259747e+03, 0., 6.1029583112987052e+02, 0.,
       1.3507679381147345e+03, 3.3273085985411990e+02, 0., 0., 1. ]
Dr: !!opencv-matrix
   rows: 1
   cols: 5
   dt: d
   data: [ -4.4571113747138252e-01, 2.9414428124050246e-01,
       5.0375072779929215e-04, -3.8911677426054723e-04,
       -1.5906952194651794e-01 ]
R: !!opencv-matrix
   rows: 3
   cols: 3
   dt: d
   data: [ 9.9999739015108746e-01, -1.8473346180966003e-04,
       2.2771834712908335e-03, 2.0156997985321204e-04,
       9.9997263215401089e-01, -7.3955603251064494e-03,
       -2.2757549422234209e-03, 7.3960000356378085e-03,
       9.9997005961324448e-01 ]
T: !!opencv-matrix
   rows: 3
   cols: 1
   dt: d
   data: [ -1.2269086121566380e+02, 5.3623667442157485e-01,
       2.5625365457549250e+00 ]
