%YAML:1.0
---
rms: 1.3897576491020860e-01
Kl: !!opencv-matrix
   rows: 3
   cols: 3
   dt: d
   data: [ 9.1196539733394479e+02, 0., 6.4667796781437278e+02, 0.,
       9.1186831867668025e+02, 3.5774667321487885e+02, 0., 0., 1. ]
Dl: !!opencv-matrix
   rows: 1
   cols: 5
   dt: d
   data: [ 2.9295183177279072e-02, -4.9560068273553179e-02,
       3.0728979729251074e-04, -2.6412127774906298e-04,
       6.0833459100319096e-03 ]
Kr: !!opencv-matrix
   rows: 3
   cols: 3
   dt: d
   data: [ 9.1459917651521221e+02, 0., 6.1668765886211156e+02, 0.,
       9.1400926450757959e+02, 3.8852810641788227e+02, 0., 0., 1. ]
Dr: !!opencv-matrix
   rows: 1
   cols: 5
   dt: d
   data: [ 3.3217216363113047e-02, -5.9331012717144943e-02,
       -1.9408169018465322e-04, 3.5754749902608320e-04,
       1.5198706280452763e-02 ]
R: !!opencv-matrix
   rows: 3
   cols: 3
   dt: d
   data: [ 9.9998524087937779e-01, 1.2141221999062792e-03,
       5.2956520558199785e-03, -1.1858937859561243e-03,
       9.9998509026484117e-01, -5.3303755914365144e-03,
       -5.3020448263897471e-03, 5.3240168389146053e-03,
       9.9997177118424585e-01 ]
T: !!opencv-matrix
   rows: 3
   cols: 1
   dt: d
   data: [ -6.0209206085882279e+01, 8.9008751428333555e-01,
       9.7395341895730669e-01 ]
