%YAML:1.0
---
rms: 1.4725095810356439e-01
Kl: !!opencv-matrix
   rows: 3
   cols: 3
   dt: d
   data: [ 9.1134431232777274e+02, 0., 6.4688241027313427e+02, 0.,
       9.1122083357883446e+02, 3.5671356416716452e+02, 0., 0., 1. ]
Dl: !!opencv-matrix
   rows: 1
   cols: 5
   dt: d
   data: [ 3.2052488412158582e-02, -5.3628863551234043e-02,
       -4.1524706835331790e-04, 1.8908550776032575e-04,
       1.1159729822977214e-02 ]
Kr: !!opencv-matrix
   rows: 3
   cols: 3
   dt: d
   data: [ 9.1026342185416240e+02, 0., 6.1734830892478237e+02, 0.,
       9.0999926184555557e+02, 3.9154118219772806e+02, 0., 0., 1. ]
Dr: !!opencv-matrix
   rows: 1
   cols: 5
   dt: d
   data: [ 3.5468311894520342e-02, -6.6028901719945216e-02,
       2.2375526125533392e-04, 2.8560693838605814e-04,
       2.2773928862776557e-02 ]
R: !!opencv-matrix
   rows: 3
   cols: 3
   dt: d
   data: [ 9.9998364834483155e-01, 1.1451249565662871e-03,
       5.6028324795657693e-03, -1.1015648579032274e-03,
       9.9996919411164764e-01, -7.7715752950040882e-03,
       -5.6115593041560826e-03, 7.7652763335205460e-03,
       9.9995410438961652e-01 ]
T: !!opencv-matrix
   rows: 3
   cols: 1
   dt: d
   data: [ -5.9879015130170096e+01, -1.4438707377177558e+00,
       -1.4206598613184998e+00 ]
