%YAML:1.0
---
rms: 8.4050284189401123e-02
Kl: !!opencv-matrix
   rows: 3
   cols: 3
   dt: d
   data: [ 9.1647816681698805e+02, 0., 6.4494782160687942e+02, 0.,
       9.1719950998366016e+02, 3.5767969227672870e+02, 0., 0., 1. ]
Dl: !!opencv-matrix
   rows: 1
   cols: 14
   dt: d
   data: [ -3.3871211979887370e+00, 6.6871860755976762e+00,
       -1.1044576226986225e-04, -1.1973185541879427e-04,
       -7.0022383520444098e+00, -3.4102681715644683e+00,
       6.7590562091450375e+00, -7.0562563923464348e+00, 0., 0., 0., 0.,
       0., 0. ]
Kr: !!opencv-matrix
   rows: 3
   cols: 3
   dt: d
   data: [ 9.1646691768952655e+02, 0., 6.1005020433136212e+02, 0.,
       9.1671600270036481e+02, 3.8940330602838708e+02, 0., 0., 1. ]
Dr: !!opencv-matrix
   rows: 1
   cols: 14
   dt: d
   data: [ -5.9617449737822859e-01, 2.8310109615598090e+01,
       1.8072893964785335e-04, -1.1069519616293290e-03,
       -2.4413358269106688e+01, -5.9443518924762373e-01,
       2.8069997969172910e+01, -2.4049002365103810e+01, 0., 0., 0., 0.,
       0., 0. ]
R: !!opencv-matrix
   rows: 3
   cols: 3
   dt: d
   data: [ 9.9996283200961866e-01, 1.1537560162979237e-03,
       8.5442054257803164e-03, -1.1042939571369557e-03,
       9.9998261986464831e-01, -5.7914163630800519e-03,
       -8.5507388078053387e-03, 5.7817657933521413e-03,
       9.9994672660604844e-01 ]
T: !!opencv-matrix
   rows: 3
   cols: 1
   dt: d
   data: [ -5.7984170599432602e+01, -5.1699119904797508e-01,
       -1.1107551052142237e+00 ]
